58
61
80
185
186
245
267
280
286
752
753
754
755
881
884
885
888
891
894
897
898
906
907
908
914
1003
1102
1115
1117
1126
1129
1232
1259
1265
1281
1284
1290
1584
1585
1588
1596
1600
1637
1645
1652
1654
1675
1680
1684
1685
1686
1806
1994
2356
2357
2386
3704
3751
3763
3771
3773
3831
3838
3842
3885
3886
3891
3895
3899
3941
3945
4010
4232
4239
4240
4266
4267
4276
4277
4278
4290
4291
4292
4293
4303
4329
4392
4395
4396
4422
4423
4427
4429
4430
4435
4436
4439
4441
4444
4445
4450
4451
4555
4558
4561
4607
4613
4623
4625
4626
4627
4628
4629
4635
4636
4807
4871
4872
4876
4879
4880
4883
4885
4888
4891
4892
4895
4898
4899
4939
4940
4997
5003
5006
5011
5013
5014
5016
5020
5023
5026
5032
5034
5040
5100
5101
5279
5280
5281
5292
5367
5370
5373
5374
5418
5419
5557
5598
5599
5631
5642
5730
6006
6009
6035
6036
6037
6041
6044
6061
6062
6063
6073
6074
6081
6093
6096
6103
6245
6253
6314
6324
6330
6344
6346
6358
6360
6385
6398
6401
6402
6406
6407
6408
6493
6497
6665
6684
6723
6726
6733
6742
6751
6755
6773
6776
6779
6790
6791
6792
6793
7120
7207
7215
7224
7225
7234
7235
7236
7237
7238
7245
7301
7306
7316
7323
7328
7333
7337
7339
7360
7365
7370
7376
7377
7380
7384
7385
7401
7403
7404
7410
7417
7419
7421
7423
7426
7431
7441
7446
7447
7448
7449
7452
7566
7568
7573
7574
7575
7576
7606
7616
7617
7618
7629
7649
7858
7866
8233
8234
8235
9196
9320
10144
10249
10250
10283
10289
10293
10295
10322
10340
10343
10348
10353
10668
10712
10718
10719
10720
11346
11388
11608
11609
12916
13472
13481
13515
13518
13523
13527
13528
13529
13530
13572
13584
13759
13798
13805
13806
13807
13840
13850
13851
13858
13865
13866
13906
13912
13913
14120
17373
17600
17601
17602
17603
17639
17649
17650
17651
17838
20390
20398
20482
20490
20560
20562
20642
20652
20662
20679
20680
20682
20683
20684
20692
20718
20740
20853
20903
20915
20923
20925
20983
20984
20985
20986
21017
21018
21036
21047
21056
21058
21081
21083
21091
21110
21114
21119
21120
21127
21133
21134
21136
21165
21216
21217
21282
21294
21364
21400
21401
21402
21409
21410
21415
21418
21420
21423
21430
21433
21434
21435
21436
21438
21442
21464
21478
21480
21481
21482
21483
21485
21486
21487
21488
21489
21490
21491
21492
21493
21521
21534
21535
21555
21567
21578
21588
21596
21610
21611
21620
21664
21716
21717
21718
21719
21720
21721
21725
21726
21727
21728
21729
21730
21732
21741
21748
21758
21764
21838
21857
21859
21860
21866
21867
21869
21870
21875
21898
21938
22090
22093
22097
22111
22229
22230
22231
22249
22265
22452
22465
22469
22471
22472
22492
22498
22499
22543
22681
22971
22972
22973
22979
23066
23140
23149
23152
23615
23619
23620
23621
23625
23626
23627
23628
23631
23632
23633
23639
23641
23698
23699
23700
23724
23725
23729
23763
23771
23775
23777
23778
23780
23790
23793
23794
23795
23799
23814
23819
23822
23823
23828
23833
23839
23841
24774
24775
24776
24781
24782
24788
24789
24790
24791
24792
24793
24796
24797
24800
24813
24814
24815
24816
24817
24871
24874
24875
24877
24878
24879
24887
24916
24917
24918
24919
24920
24921
24922
24923
24924
24925
24926
24927
24928
24929
24930
24931
24932
24970
24971
24972
24973
24974
24975
24976
24977
24978
24979
24980
24981
25013
25014
25015
25016
25017
25018
25019
25020
25021
25022
25023
25024
25059
25060
25061
25062
25063
25064
25076
25079
25082
25083
25084
25131
25155
25158
25159
25165
25167
25168
25171
25172
25328
25329
25330
25331
25332
25338
25339
25342
25383
25384
25385
25388
25389
25400
25402
25404
25435
25441
25442
25461
25462
25463
25464
25465
25524
25525
25526
25527
25528
25529
25530
25531
25533
25536
25551
25680
25683
25684
25729
25731
25734
25755
25757
25779
25781
25783
25784
25785
25809
25813
25817
25819
25820
25829
25841
25842
25853
25856
25860
25861
25862
25863
25866
25883
25885
25886
25902
25903
25931
25937
25939
25941
25942
25943
25945
25974
26122
26153
26154
26187
26229
26230
26293
26296
26297
26300
26303
26304
26307
26310
26323
26324
26349
26375
26528
26539
26540
26547
26549
26556
26558
26567
26580
26581
26592
26593
26594
26600
26602
26846
26855
26873
26877
26894
26904
26921
27011
27014
27015
27016
27017
27021
27024
27025
27026
27027
27037
27038
27043
27044
27294
27307
27309
27311
27314
27315
27323
27329
27335
27336
27343
27361
27363
27364
27365
27366
27367
27368
27389
27390
27391
27392
27402
27403
27475
27493
27800
27802
27804
27814
27824
27825
27828
27863
27870
27871
27974
27975
27978
27979
27982
27983
28339
28345
28357
28362
28364
28366
28369
28375
28376
28384
28403
28411
29126
29133
29135
29146
29150
29152
29157
29159
29168
29169
29170
29172
29174
29176
29178
29180
29213
29240
29251
29260
29558
29561
29564
29566
29624
29626
29639
29640
29641
29642
29643
29644
29645
29646
29663
29664
29668
29675
29677
29846
29847
29851
29865
29866
29867
29871
29880
29881
29947
29951
29953
29961
30048
30202
30230
30232
30234
30372
30373
30375
30390
30396
30397
30398
30399
30401
30406
30408
30409
30412
30435
30443
30449
30457
30462
30465
30476
30477
30488
30490
30493
30495
30499
30509
30510
30516
30548
30549
30553
30706
30713
30762
30763
30787
30788
30798
30902
30903
30904
30928
30929
30932
30933
30936
30939
30940
30945
30946
30949
30951
30953
30955
30956
30959
30961
30962
30967
30968
30973
30974
30977
30980
30984
30986
30989
30990
30993
30994
30995
30996
30998
31000
31007
31013
31107
31109
31110
31111
31112
31115
31125
31170
31171
31344
31345
31351
31352
31356
31361
31362
31363
31369
31374
31375
31376
31377
31383
31384
31389
31391
31392
31395
31396
31401
31408
31409
31420
31422
31434
31435
31441
31503
31599
31625
31629
31631
31633
32005
32017
32018
32021
32035
32053
32067
32068
32275
32288
32294
32297
32303
32305
32307
32309
32319
32324
32326
32327
32332
32346
32352
32356
32362
32366
32410
32464
32543
32546
32552
32559
32563
32564
32565
32604
32607
32610
32612
32615
32670
32689
32692
32705
32760
32813
32814
32826
32827
32866
32885
32942
32943
32964
32965
33034
33037
33038
33041
33043
33046
33049
33050
33053
33056
33057
33060
33063
33064
33101
33102
33115
33116
33137
33145
33174
33177
36995
36996
36997
36999
37079
37080
37081
37082
37604
37605
37606
37607
37608
37750
37751
37752
37754
37755
37757
37758
37759
37760
37761
37843
37845
37991
37992
37993
38078
38079
38080
38081
38082
38083
38084
38085
38175
38176
38177
38178
38196
38197
38199
38361
38365
39169
39170
39172
39173
39175
39176
39177
39178
39179
39180
39181
39182
39183
39184
39185
39186
39187
39188
39189
41211
41212
41213
41215
41216
41217
41218
41219
41220
41221
41222
41223
41224
41225
41226
42058
42059
42065
42223
42244
42245
42246
42247
42479
43210
43241
43243
43420
43520
44405
44531
45545
45927
48089
48100
48101
49350
49351
49352
49359
49360
49365
49481
49673
49674
49687
49699
49700
49704
49942
49943
49944
49957
49958
49967
50014
50017
50056
50067
50833
51300
52008
52217
52544
52606
52701
53466
53496
53686
53730
53740
53747
53748
53769
53772
53773
53777
53781
53782
53786
53790
53792
53798
53800
53802
53804
53811
53812
53813
53814
53822
53831
53832
53833
53834
53835
53836
53855
53856
53857
53858
53859
53860
53878
53879
53880
53881
53882
53883
53896
53923
53925
53926
53927
53928
53929
53939
53941
53943
53944
53954
53957
53958
53959
53969
53971
53980
53991
53992
53998
54013
54016
54019
54021
54022
54023
54033
54055
54056
54070
54078
54079
54082
54085
54099
54108
54109
54110
54111
54123
54125
54132
54145
54149
54150
54151
54153
54172
54179
54198
54205
54206
54207
54208
54213
54216
54235
54244
54250
54252
54255
54264
54266
54269
54273
54274
54275
54276
54295
54296
54297
54298
54322
54335
54344
54353
54354
54379
54387
54411
54424
54431
54432
54433
54449
54486
54502
54515
54536
54537
54539
54540
54549
54568
54583
54600
54601
54602
54603
54620
54649
54656
54673
54678
54707
54722
54753
54754
54763
54769
54770
54785
54803
54811
54822
54823
54834
54836
54840
54841
54842
54843
54858
54859
54874
54886
54887
54896
54904
54911
54914
54931
54942
54943
54965
54995
54996
54997
54998
55008
55009
55010
55011
55042
55079
55091
55097
55111
55112
55124
55131
55132
55133
55144
55147
55157
55165
55166
55188
55189
55191
55192
55193
55199
55202
55203
55204
55210
55233
55234
55253
55254
55255
55256
55257
55264
55270
55271
55281
55283
55285
55286
55287
55289
55311
55312
55313
55314
55315
55336
55337
55338
55349
55350
55351
55372
55373
55374
55375
55376
55384
55387
55398
55399
55420
55421
55438
55449
55451
55463
55475
55478
55480
55484
55485
55501
55504
55508
55510
55514
55516
55517
55518
55519
55520
55521
55544
55545
55546
55558
55569
55570
55595
55596
55597
55598
55610
55645
55677
55692
55693
55700
55702
55703
55753
55775
55776
55790
55791
55810
55811
55812
55830
55846
55863
55865
55910
55945
55946
55947
55962
55963
55998
55999
56014
56015
56016
56040
56041
56042
56044
56050
56055
56072
56108
56121
56148
56150
56170
56174
56184
56212
56213
56214
56215
56216
56217
56218
56219
56220
56221
56232
56237
56238
56239
56240
56241
56246
56277
56278
56279
56280
56281
56308
56309
56310
56344
56345
56395
56428
56430
56431
56432
56542
56554
56563
56564
56567
57127
57166
57167
57178
57189
57190
57192
57193
57194
57210
57211
57212
57214
57216
57221
57222
57223
57798
57928
57942
57945
57981
58022
58024
58031
58087
58090
58091
58092
58095
58098
58277
58280
58282
58283
58291
58612
58613
58621
58975
59444
59445
59446
59455
59816
59823
59845
59851
59854
59857
59860
59932
59958
59963
59967
59968
59971
59976
60316
60426
60429
60432
60433
60441
60444
60605
60612
60617
60622
60625
60630
60634
60635
60641
60644
60647
60655
60656
60657
60658
60659
60664
60665
60715
60720
60725
60727
60810
61290
61295
61297
61413
61416
61417
61420
61425
61432
61433
61434
61437
61439
61441
61464
61468
61469
61470
61554
61559
61572
61573
61574
61575
61576
61865
61899
61912
61913
61996
62008
62024
62029
62084
62093
62102
62103
62104
62105
62106
63510
63607
63617
66422
66494
66496
66502
66511
66519
66597
66603
66604
66868
67056
67061
67062
67239
67720
67724
68731
68732
70954
71536
72314
72315
72317
72319
72638
75053
75644
75649
76081
76083
76133
76137
76377
76381
76382
76385
76392
76396
76597
76607
76662
76672
76673
76962
77133
77151
77460
77639
79693
79694
79695
80208
80588
80596
80598
81061
81062
81063
81201
82087
82088
82089
82090
83398
83412
83413
83416
84331
84797
84802
85155
85772
85780
85781
85785
85956
85959
85964
85968
85969
86320
86325
86326
86329
86333
86564
86571
86574
86577
86578
86580
86583
86587
86736
86742
86814
86817
86822
86827
86828
86850
87024
87027
87037
87178
87187
87192
87198
87199
87200
88225
88258
88260
88261
88263
88266
88269
88272
88274
88322
88359
88571
88924
89020
89025
89046
89047
89048
89049
89618
89627
90040
90051
90287
90503
90686
90689
91258
91259
91524
91529
91530
91531
91532
92762
92968
92972
92974
93324
93574
93919
93924
93929
93933
93937
93943
94159
94161
94162
94163
94167
94170
94173
94174
94175
94179
94184
94185
94186
94588
94589
94592
94599
94605
94606
94607
95445
95446
95978
95981
95984
95989
95993
95994
95995
95996
95997
96616
96637
96638
96674
96677
96678
96719
96723
96877
97116
97260
97265
97272
97273
97279
97291
97306
97307
97313
97318
97320
97323
97352
97363
97364
97367
97368
97455
97497
97499
97529
97530
97562
97568
97573
97574
97965
98056
98059
98062
98065
98067
98229
98233
98234
98239
98254
98713
98714
98723
98724
98743
98749
98939
98940
99044
99211
99223
99224
99237
99252
99253
99255
99689
99694
99717
99726
99731
99733
99735
99736
99739
99740
99748
99753
99754
99755
99758
99807
99809
99816
99821
99823
99829
99831
99836
99837
99839
99840
100080
100081
100089
100261
100265
100268
100271
100272
100273
100276
100279
100280
100284
100285
100286
100418
100419
100420
100425
100427
100428
100448
100451
100455
100456
100506
100509
100512
100517
100521
100523
100626
100704
100705
100706
100709
100713
100720
100725
100726
100727
100730
100733
100735
100736
100739
100743
100744
100745
100746
100747
101520
101763
101764
101765
101773
101782
101785
101793
101794
101805
101806
101918
101925
101926
101927
101938
101939
101940
101941
102128
102131
102149
102152
102159
102160
102225
102256
102267
102268
102284
102285
102610
102617
102625
102626
102627
102628
102634
102778
102787
102795
102797
103800
103816
103820
104556
104586
104592
104600
104601
104602
105183
105186
105189
105203
105206
105207
105208
105216
105290
105485
105488
105491
105492
105495
105498
105504
105505
105506
105507
105508
105579
108412
108756
108891
109729
109738
109745
109748
109749
109750
109753
109757
109758
110083
110085
110174
112230
112231
112338
112355
112392
112393
112941
112956
112957
112958
113159
113165
113179
113183
113622
113635
113643
113650
113684
113785
113896
113901
113914
113915
113916
113917
115031
115677
115680
115683
115684
115685
115686
115691
115700
115701
115702
115703
116537
116649
116796
116944
116948
117292
117295
117310
117321
117324
117428
117513
117519
117521
117523
117530
117531
117632
117633
117637
117640
117644
117645
117648
118175
118189
118192
118193
118196
118199
118200
118201
118209
118213
118214
118326
118334
118419
118422
118427
118430
118437
118438
118444
118445
118446
118447
118449
118452
118458
118459
119119
119122
119123
119124
119134
119135
119136
119758
119759
119763
119862
120431
120435
120704
120707
120708
120709
120723
120724
120725
120726
121013
121426
121490
121520
121523
121527
121585
121591
121594
121598
121602
121604
121605
121606
121611
121612
121701
121867
121868
121869
121874
121879
121883
121884
121887
121892
121893
121896
121902
121903
122776
123094
123097
123100
123108
123109
123110
123118
123127
123128
123130
123131
123270
123271
123272
123273
123545
123568
123589
123593
123616
123620
123630
123642
123655
123674
123686
123699
123902
123908
123965
123998
124034
124122
124168
124222
124250
124284
124332
124334
124344
124346
124353
124355
124463
124464
124465
124547
124597
124609
124617
124619
124722
124723
124724
124725
124726
124727
124731
124732
124733
124734
124735
124736
124738
124739
124803
124935
125003
125007
125008
125055
125057
125062
125103
125104
125109
125110
125117
125123
125125
125138
125151
125226
125259
125276
125284
125361
125369
125371
125373
125389
125401
125415
125417
125421
125426
125471
125494
125495
125577
125579
125582
125583
125619
125627
125635
125636
125664
125666
125682
125696
125714
125720
125759
125775
125793
125810
125828
125905
125917
125936
125982
126008
126025
126081
126089
126093
126165
126166
126167
126282
126292
126324
126347
126348
126350
126351
126352
126360
126385
126412
126439
126453
126567
126617
126629
126637
126639
126697
126698
126699
126700
126740
126741
126763
126774
126783
126785
126816
126829
126858
126865
126866
126873
126880
126962
126963
127028
127040
127083
127134
127135
127193
127194
127196
127198
127199
127200
127201
127202
127205
127251
127261
127271
127274
127324
127328
127329
127331
127356
127362
127395
127407
127434
127436
127458
127466
127492
127518
127520
127528
127529
127530
127543
127548
127549
127553
127581
127583
127599
127606
127608
127634
127635
127637
127639
127653
127691
127694
127698
127723
127733
127741
127778
127787
127789
127805
127839
127847
127852
127856
127860
127862
127877
127881
127882
127887
127888
127893
127894
127895
127902
127904
127922
127923
127936
127939
127941
127942
127958
128142
128143
128147
128171
128180
128183
128184
128185
128195
128212
128225
128235
128251
128252
128260
128283
128307
128336
128349
128405
128406
128407
128408
128409
128421
128423
128427
128428
128430
128499
128500
128528
128529
128555
128558
128559
128568
128583
128596
128605
128616
128618
128619
128620
128627
128634
128647
128648
128672
128674
128695
128706
128822
128933
128948
129032
129035
129037
129040
129041
129042
129059
129067
129071
129100
129106
129114
129126
129130
129136
129137
129138
129140
129145
129146
129147
129149
129150
129151
129156
129157
129160
129161
129162
129163
129164
129165
129166
129167
129168
129169
129170
129171
129172
129173
129174
129175
129176
129177
129178
129179
129182
129191
129194
129201
129205
129206
129213
129237
129238
129239
129240
129241
129242
129243
129244
129245
129246
129247
129250
129264
129265
129266
129269
129270
129271
129272
129273
129274
129276
129277
129278
129279
129280
129299
129300
129301
129302
129317
129327
129328
129329
129330
129338
129346
129348
129368
129369
129370
129371
129375
129376
129377
129378
129379
129380
129381
129382
129384
129385
129386
129388
129389
129390
129391
129392
129394
129395
129396
129397
129398
129399
129400
129402
129403
129404
129405
129407
129408
129409
129411
129413
129414
129415
129416
129417
129418
129419
129420
129421
129422
129423
129424
129453
129492
129494
129501
129503
129508
129510
129577
129583
129585
129654
129736
129847
129860
129868
129915
129940
129997
129999
130007
130009
130036
130038
130048
130049
130120
130121
130122
130124
130162
130164
130182
130238
130297
130337
130338
130343
130345
130346
130355
130374
130378
130386
130387
130388
130389
130390
130398
130401
130402
130403
130404
130405
130406
130407
130408
130410
130411
130412
130413
130415
130416
130418
130421
130423
130424
130432
130433
130434
130435
130436
130438
130439
130440
130441
130442
130443
130446
130447
130448
130449
130450
130451
130452
130455
130456
130457
130458
130459
130460
130461
130463
130467
130470
130476
130480
130531
130537
130538
130583
130584
130588
130592
130603
130620
130630
130635
130662
130664
130665
130666
130667
130669
130670
130680
130684
130686
130692
130741
130747
130794
130861
130879
130883
130919
131092
131165
131225
131288
131289
131344
131514
131542
131555
131650
131659
131694
131696
131697
131705
131728
131730
131796
131830
131836
131840
131842
131926
131974
132001
132004
132005
132012
132014
132018
132023
132025
132027
132032
132033
132034
132036
132051
132053
132055
132066
132072
132073
132074
132075
132076
132078
132079
132088
132092
132112
132136
132150
132152
132154
132155
132169
132170
132173
132174
132175
132178
132179
132180
132181
132191
132193
132194
132205
132206
132207
132208
132212
132213
132216
132218
132219
132225
132226
132227
132271
132279
132281
132284
132285
132288
132289
132299
132308
132310
132318
132320
132328
132329
132330
132331
132332
132334
132340
132341
132342
132343
132344
132345
132419
132420
132426
132430
132432
132434
132435
132442
132448
132452
132454
132462
132463
132471
132472
132479
132481
132482
132856
132857
132864
132869
132871
132872
132875
132879
132883
132884
132885
132886
132887
132891
132892
132904
132908
132915
132918
132927
132931
132938
132943
132945
132951
132952
132953
132955
132957
132965
132967
132969
132971
132977
132983
132985
132987
132989
132991
132995
132996
132999
133003
133005
133008
133009
133014
133015
133017
133022
133023
133026
133030
133143
133152
133159
133163
133167
133168
133176
133180
133184
133194
133196
133201
133203
133228
133230
133232
133242
133244
133246
133248
133256
133260
133263
133266
133274
133277
133278
133280
133281
133282
133284
133286
133311
133322
133329
133333
133337
133338
133346
133353
133368
133370
133376
133396
133397
133398
133403
133404
133410
133428
133429
133491
133812
133813
133814
133816
133819
133820
133821
133822
133823
133824
133825
133826
133827
133828
133829
133832
133833
133834
133836
133837
133838
133839
133840
133842
133843
133844
133845
133846
133847
133849
133851
133852
133854
133855
133856
133858
133860
133864
133865
133866